111,0.1111111111111111,0.3333333333333334,1.4444444444444444,1.2360330811826103,3.3333333333333335,2.8284271247461903,4.0,2.7838821814150108,14.333333333333334,6.374863832968425,6,9.0,14.0,16.0,28,9,22,6,14,12,16,6,16,28,9,22,6,14,12,16,6,16,28,
9082,0.0,0.0,0.14285714285714285,0.37796447300922725,2.857142857142857,2.410295378065479,0.0,0.0,3.142857142857143,2.4397501823713332,0,1.0,3.0,5.25,8,0,3,1,8,1,6,3,0,3,1,8,1,6,3,
112,0.1111111111111111,0.3333333333333333,0.2222222222222222,0.44095855184409843,2.4444444444444446,2.5549516194593154,2.0,1.6583123951777,7.0,4.222953153106642,1,6.0,7.0,8.0,12,8,4,1,6,12,12,7,6,7,8,4,1,6,12,12,7,6,7,
8880,0.0,0.0,0.125,0.3535533905932738,0.75,0.8864052604279183,0.625,1.1877349391654208,2.25,2.559994419636775,0,0.0,1.5,2.5,9,1,0,2,9,4,0,2,0,1,0,2,9,4,0,2,0,
144,0.4444444444444444,0.8819171036881969,1.8888888888888888,1.69148192751537,1.7777777777777777,3.5629263877386586,4.888888888888889,3.2574700476153438,15.777777777777779,7.666666666666667,9,12.0,16.0,20.0,22,11,9,22,12,16,20,16,16,20,11,9,22,12,16,20,16,16,20,
8122,0.2222222222222222,0.44095855184409843,1.1111111111111112,1.3642254619787415,2.7777777777777777,2.4381231397212986,1.4444444444444444,1.8104634152000358,8.11111111111111,4.594682917363407,0,6.0,7.0,9.0,19,6,7,0,1,19,8,16,9,7,6,7,0,1,19,8,16,9,7,
1756,0.0,0.0,1.625,1.3024701806293193,3.75,1.9820624179302297,5.125,1.5526475085202969,17.25,3.9074105418879572,8,16.75,19.0,20.0,21,8,20,13,19,19,18,21,20,8,20,13,19,19,18,21,20,
7417,0.0,0.0,0.2857142857142857,0.48795003647426666,0.2857142857142857,0.48795003647426666,0.7142857142857143,0.7559289460184544,2.2857142857142856,1.661897939677633,0,0.5,2.0,3.75,5,3,4,2,2,5,0,0,3,4,2,2,5,0,0,
1736,0.0,0.0,0.5,0.5477225575051661,1.1666666666666667,2.857738033247041,5.166666666666667,3.125166662222459,12.5,6.894442206105823,7,8.0,13.0,16.0,18,8,10,18,16,7,16,8,10,18,16,7,16,
7848,0.14285714285714285,0.37796447300922725,0.7142857142857143,0.9511897312113419,0.42857142857142855,0.7867957924694431,3.7142857142857144,2.138089935299395,9.428571428571429,4.466808810815721,4,5.25,8.0,14.25,18,5,18,16,8,4,9,6,5,18,16,8,4,9,6,
325,0.0,0.0,2.5,1.5118578920369088,0.0,0.0,8.625,1.3024701806293193,22.25,3.011881234615431,18,20.0,21.0,24.5,28,24,18,20,28,26,20,20,22,24,18,20,28,26,20,20,22,
8024,0.16666666666666666,0.5773502691896257,0.0,0.0,0.25,0.621581560508061,0.5,0.674199862463242,1.4166666666666665,1.5930721226230744,0,0.0,1.5,2.0,4,0,4,0,2,0,2,1,0,0,4,2,2,0,4,0,2,0,2,1,0,0,4,2,2,
171,0.0,0.0,0.125,0.3535533905932738,0.875,1.1259916264596033,1.375,1.0606601717798212,3.875,2.4275207811380612,0,1.75,3.0,5.75,9,0,4,8,5,2,1,9,2,0,4,8,5,2,1,9,2,
6651,0.0,0.0,0.14285714285714285,0.37796447300922725,0.7142857142857143,1.4960264830861911,1.5714285714285714,1.511857892036909,4.142857142857142,3.394673699166022,0,2.25,4.0,6.0,8,0,8,4,3,6,2,6,0,8,4,3,6,2,6,
2022,0.0,0.0,0.25,0.7071067811865476,2.0,1.8516401995451028,1.0,1.7728105208558367,4.5,4.06201920231798,0,1.0,4.5,6.75,10,5,6,4,1,0,1,10,9,5,6,4,1,0,1,10,9,
6317,0.0,0.0,0.8571428571428571,0.8997354108424372,1.0,1.9148542155126762,2.5714285714285716,1.9880595947760098,7.857142857142858,4.503966505838413,2,4.25,10.0,10.0,14,10,2,4,10,10,5,14,10,2,4,10,10,5,14,
2039,0.1111111111111111,0.33333333333333337,0.5555555555555556,0.7264831572567789,0.7777777777777778,2.333333333333333,3.7777777777777777,3.4197140881138655,9.555555555555555,7.27056470372908,0,2.0,12.0,14.0,18,2,14,14,2,0,8,18,12,16,2,14,14,2,0,8,18,12,16,
6237,0.0,0.0,0.2222222222222222,0.44095855184409843,0.2222222222222222,0.44095855184409843,3.2222222222222223,2.048034287907418,7.111111111111112,4.143267631552017,0,4.0,8.0,10.0,11,3,8,8,11,10,10,10,4,0,3,8,8,11,10,10,10,4,0,
2040,0.0,0.0,0.375,0.5175491695067657,0.0,0.0,3.0,2.7255405754769875,6.75,5.475595205741825,0,0.0,8.0,10.5,16,12,0,8,8,16,10,0,0,12,0,8,8,16,10,0,0,
5934,0.1,0.31622776601683794,0.7,0.8232726023485647,1.7,2.1628170930011112,3.0,2.0,9.200000000000001,4.6320142007074585,4,8.0,9.5,12.0,13,13,11,11,5,8,4,12,12,8,8,13,11,11,5,8,4,12,12,8,8,
2826,0.375,0.7440238091428449,0.25,0.4629100498862757,1.625,1.7677669529663689,1.5,1.6903085094570331,5.5,3.9142596453772165,0,2.5,5.5,7.75,12,5,10,6,3,0,1,7,12,5,10,6,3,0,1,7,12,
5442,0.0,0.0,0.375,0.7440238091428449,0.375,1.0606601717798212,1.75,1.2817398889233114,4.625,2.872281323269014,0,2.0,6.0,6.25,8,6,0,6,7,2,6,8,2,6,0,6,7,2,6,8,2,
2704,0.5,0.5477225575051661,0.0,0.0,3.5,1.0488088481701516,0.3333333333333333,0.5163977794943223,4.666666666666667,1.570562531918633,3,3.0,4.0,6.0,8,6,8,3,5,3,3,6,8,3,5,3,3,
5822,0.4444444444444444,0.8819171036881969,1.1111111111111112,1.1666666666666665,1.5555555555555556,1.509230856356236,2.2222222222222223,2.1666666666666665,8.666666666666668,4.816061092266629,2,4.0,11.0,11.0,16,7,4,4,11,12,11,11,2,16,7,4,4,11,12,11,11,2,16,
2481,0.0,0.0,1.7777777777777777,1.092906420717,4.555555555555555,1.509230856356236,4.555555555555555,2.5055493963954847,17.22222222222222,5.346338310781813,8,14.0,17.0,19.0,26,17,8,17,23,13,14,26,18,19,17,8,17,23,13,14,26,18,19,
5847,0.375,0.5175491695067657,0.375,0.5175491695067657,2.375,1.685018016012207,2.125,1.3562026818605375,7.75,3.2759949415624647,3,6.75,8.5,9.0,11,3,7,8,6,9,9,11,9,3,7,8,6,9,9,11,9,
2338,0.14285714285714285,0.3779644730092273,1.7142857142857142,1.1126972805283735,3.2857142857142856,1.1126972805283737,2.4285714285714284,0.9759000729485333,11.714285714285714,2.53546276418555,7,10.0,11.0,14.75,15,10,15,7,10,15,11,14,10,15,7,10,15,11,14,
5125,0.0,0.0,0.0,0.0,0.0,0.0,0.0,0.0,0.0,0.0,0,0.0,0.0,0.0,0,0,0,0,0,0,0,0,0,0,0,0,0,0,0,0,0,0,0,
3067,0.1111111111111111,0.3333333333333333,0.1111111111111111,0.3333333333333333,1.7777777777777777,2.488864087178013,0.6666666666666666,1.118033988749895,3.444444444444444,3.3788558221188825,0,0.0,4.0,6.0,7,0,7,5,0,4,6,3,0,6,0,7,5,0,4,6,3,0,6,
5041,0.0,0.0,0.6666666666666666,0.816496580927726,0.3333333333333333,0.5163977794943223,3.6666666666666665,2.250925735484551,9.0,4.604345773288536,0,4.0,11.5,12.0,15,11,12,4,0,12,15,11,12,4,0,12,15,
3352,0.1,0.31622776601683794,0.0,0.0,1.0,1.247219128924647,0.5,0.8498365855987975,2.1,2.1317702607092643,0,0.0,1.5,3.0,6,3,3,1,0,2,1,6,5,0,0,3,3,1,0,2,1,6,5,0,0,
4314,0.0,0.0,0.2857142857142857,0.7559289460184545,0.2857142857142857,0.7559289460184545,2.142857142857143,1.7728105208558365,5.142857142857142,3.7032803990902057,0,2.5,6.0,7.5,10,0,4,6,8,2,6,10,0,4,6,8,2,6,10,
3488,0.125,0.3535533905932738,0.75,1.0350983390135313,2.75,2.9154759474226504,1.5,1.6035674514745464,7.375,4.470139019889969,3,5.75,7.0,8.5,13,5,7,3,8,7,6,10,13,5,7,3,8,7,6,10,13,
4213,0.0,0.0,0.7142857142857143,0.48795003647426666,0.0,0.0,1.5714285714285714,2.14919697074224,4.571428571428571,4.326001122779064,2,2.0,2.0,6.0,12,6,12,2,6,2,2,2,6,12,2,6,2,2,2,
4096,0.0,0.0,0.25,0.4629100498862757,0.125,0.3535533905932738,3.75,2.5495097567963922,8.125,5.132181379714255,0,4.75,7.0,11.0,18,18,0,10,4,14,8,6,5,18,0,10,4,14,8,6,5,
4028,0.6666666666666666,1.4142135623730951,1.0,0.8660254037844386,3.111111111111111,1.5365907428821477,2.888888888888889,1.0540925533894598,11.555555555555555,3.0912061651652345,7,10.0,11.0,13.0,17,13,10,15,8,17,11,7,13,10,13,10,15,8,17,11,7,13,10,
4143,0.1111111111111111,0.3333333333333333,1.6666666666666667,0.8660254037844387,2.111111111111111,1.9649710204252662,3.0,2.179449471770337,11.555555555555557,4.870546398734152,4,9.0,12.0,15.0,17,9,6,16,12,4,14,11,17,15,9,6,16,12,4,14,11,17,15,
3695,0.0,0.0,0.1111111111111111,0.33333333333333337,0.0,0.0,1.8888888888888888,1.3642254619787417,4.0,2.748737083745107,0,2.0,4.0,4.0,10,2,4,10,0,8,4,2,2,4,2,4,10,0,8,4,2,2,4,
